cam0:
  cam_overlaps: [1]
  camera_model: ds
  distortion_coeffs: []
  distortion_model: none
  intrinsics: [-0.2113915909806233, 0.5903264778683555, 315.4142169119584, 314.399522632132,
    698.7790719322672, 582.0443043963011]
  resolution: [1440, 1080]
  rostopic: /tiscamera_ros/left/image_rect_raw
cam1:
  T_cn_cnm1:
  - [0.9998049195331252, 0.017338652503253983, 0.009460127204568933, -0.1998643171242534]
  - [-0.01711842433342945, 0.9995915570556743, -0.022884025243553947, 0.0005345914400803443]
  - [-0.009853041443933504, 0.022717618545489492, 0.9996933666789632, -0.006932796906038402]
  - [0.0, 0.0, 0.0, 1.0]
  cam_overlaps: [0]
  camera_model: ds
  distortion_coeffs: []
  distortion_model: none
  intrinsics: [-0.192600924218756, 0.5927215888691162, 319.0152733222571, 317.3110019123783,
    704.7595156556624, 566.648148455196]
  resolution: [1440, 1080]
  rostopic: /tiscamera_ros/right/image_rect_raw
