cam0:
  cam_overlaps:
  - 1
  camera_model: ds
  distortion_coeffs: []
  distortion_model: none
  intrinsics:
  - -0.1825930929587207
  - 0.5979088497722065
  - 325.8005254436224
  - 325.37929658995625
  - 726.121779480697
  - 570.9976407533611
  resolution:
  - 1440
  - 1080
  rostopic: /tiscamera_ros/fisheye_back_right/image_rect_raw
cam1:
  T_cn_cnm1:
  - - -0.017182426841216902
    - 0.003303597692334892
    - -0.9998469135073313
    - -0.1560947658529266
  - - -0.0018768343611294536
    - 0.9999926731612614
    - 0.003336332803997871
    - 0.0006760157797054023
  - - 0.9998506096915831
    - 0.0019338733374624302
    - -0.01717610064268188
    - -0.15212900763693266
  - - 0.0
    - 0.0
    - 0.0
    - 1.0
  cam_overlaps:
  - 0
  camera_model: ds
  distortion_coeffs: []
  distortion_model: none
  intrinsics:
  - -0.18474218541685733
  - 0.5966348124427544
  - 321.71919196721933
  - 321.4566740508431
  - 703.6745142374665
  - 563.6624541046629
  resolution:
  - 1440
  - 1080
  rostopic: /tiscamera_ros/fisheye_back_left/image_rect_raw
