cam0:
  cam_overlaps:
  - 1
  camera_model: ds
  distortion_coeffs: []
  distortion_model: none
  intrinsics:
  - -0.17976927585440342
  - 0.5981632871105879
  - 325.52808030835484
  - 325.1530408268589
  - 737.974298203676
  - 596.2888064618288
  resolution:
  - 1440
  - 1080
  rostopic: /tiscamera_ros/fisheye_front_left/image_rect_raw
cam1:
  T_cn_cnm1:
  - - -0.012870505319812875
    - 0.007648057639522115
    - 0.9998879223728812
    - 0.1552084484594022
  - - 0.006357994252938694
    - 0.9999511592755688
    - -0.0075667015619469
    - 0.0015304573570783819
  - - -0.9998969576920884
    - 0.00625989439132311
    - -0.012918503021527583
    - -0.1557059740166884
  - - 0.0
    - 0.0
    - 0.0
    - 1.0
  cam_overlaps:
  - 0
  camera_model: ds
  distortion_coeffs: []
  distortion_model: none
  intrinsics:
  - -0.19210206372061422
  - 0.5940599309338761
  - 318.78541765101266
  - 318.3600969351527
  - 711.2049762479786
  - 563.0997914475618
  resolution:
  - 1440
  - 1080
  rostopic: /tiscamera_ros/fisheye_back_left/image_rect_raw
