cam0:
  cam_overlaps:
  - 1
  camera_model: ds
  distortion_coeffs: []
  distortion_model: none
  intrinsics:
  - -0.19630209634388984
  - 0.5930920945821123
  - 318.23491105217806
  - 317.84328997066547
  - 733.896546854039
  - 545.5623637620356
  resolution:
  - 1440
  - 1080
  rostopic: /tiscamera_ros/fisheye_front_right/image_rect_raw
cam1:
  T_cn_cnm1:
  - - 0.018165024350261072
    - -0.0030112643753075485
    - 0.9998304677180092
    - 0.15735581910622962
  - - -0.02751032803313837
    - 0.9996153554010945
    - 0.00351042701803847
    - -0.0024084889385654236
  - - -0.9994564591526036
    - -0.027569431136711127
    - 0.018075196400996585
    - -0.15031637046713062
  - - 0.0
    - 0.0
    - 0.0
    - 1.0
  cam_overlaps:
  - 0
  camera_model: ds
  distortion_coeffs: []
  distortion_model: none
  intrinsics:
  - -0.1859792306060139
  - 0.5969720639655456
  - 323.64297603508777
  - 323.24108881978924
  - 745.1159978545293
  - 595.051855480031
  resolution:
  - 1440
  - 1080
  rostopic: /tiscamera_ros/fisheye_front_left/image_rect_raw
