cam0:
  cam_overlaps:
  - 1
  camera_model: ds
  distortion_coeffs: []
  distortion_model: none
  intrinsics:
  - -0.1985296474390472
  - 0.5938034422680848
  - 318.4381326475831
  - 317.90634240978915
  - 740.962085613646
  - 544.8386244282863
  resolution:
  - 1440
  - 1080
  rostopic: /tiscamera_ros/fisheye_front_right/image_rect_raw
cam1:
  T_cn_cnm1:
  - - 0.05717712774949746
    - 0.0072982755399925376
    - -0.9983373734547196
    - -0.1574210356941108
  - - -0.01893076277831956
    - 0.999801419518232
    - 0.0062247690694414125
    - 0.0007021168982755722
  - - 0.9981845532179694
    - 0.018543373573307268
    - 0.057303935410860984
    - -0.1492569453173064
  - - 0.0
    - 0.0
    - 0.0
    - 1.0
  cam_overlaps:
  - 0
  camera_model: ds
  distortion_coeffs: []
  distortion_model: none
  intrinsics:
  - -0.17230141775918148
  - 0.6005560501279623
  - 329.1427351438393
  - 328.8320333854099
  - 718.262107161656
  - 571.9408380978897
  resolution:
  - 1440
  - 1080
  rostopic: /tiscamera_ros/fisheye_back_right/image_rect_raw
